-99 0
-98 0
-97 0
-96 0
-95 0
-94 0
-93 0
-92 0
-91 0
-90 0
-89 0
-88 0
-87 0
-86 0
-85 0
-84 0
-83 0
-82 0
-81 0
-80 0
-79 0
-78 0
-77 0
-76 0
-75 0
-74 0
-73 0
-72 0
-71 0
-70 0
-69 0
-68 0
-67 0
-66 0
-65 0
-64 0
-63 0
-62 0
-61 0
-60 0
-59 0
-58 0
-57 0
-56 0
-55 0
-54 0
-53 0
-52 0
-51 0
-50 0
-49 0
-48 0
-47 0
-46 0
-45 0
-44 0
-43 0
-42 0
-41 0
-40 0
-39 0
-38 0
-37 0
-36 2e-005
-35 2e-005
-34 0
-33 2e-005
-32 0
-31 4e-005
-30 2e-005
-29 0
-28 2e-005
-27 8e-005
-26 0.0001
-25 8e-005
-24 0.0003
-23 0.00032
-22 0.0004
-21 0.00076
-20 0.00106
-19 0.00138
-18 0.00208
-17 0.00314
-16 0.00412
-15 0.00614
-14 0.00802
-13 0.0106
-12 0.01456
-11 0.01818
-10 0.02256
-9 0.02688
-8 0.03154
-7 0.0361
-6 0.04128
-5 0.04894
-4 0.0522
-3 0.06192
-2 0.06478
-1 0.07002
0 0.07382
1 0.08032
2 0.08378
3 0.08294
4 0.08688
5 0.06458
